0
1
2
3
4
5
6
7
8
9
10
50
51
52
53
54
55
56
57
58
59
60
61
62
63
64
65
66
67
99
100
101
102
103
104
105
106
107
108
109
110
111
112
148
149
150
151
152
153
154
155
156
157
158
159
160
161
162
163
197
198
199
200
201
202
203
204
205
206
207
208
209
210
211
212
213
214
246
247
248
249
250
251
252
253
254
255
256
257
258
259
295
296
297
298
299
300
301
302
303
304
305
306
307
308
309
344
345
346
347
348
349
350
351
352
353
354
355
356
357
358
359
360
361
362
363
393
394
395
396
397
398
399
400
401
402
403
404
405
406
407
408
409
410
411
412
413
414
415
416
417
418
419
420
421
442
443
444
445
446
447
448
449
450
451
452
453
454
455
456
457
458
459
460
461
462
463
464
465
466
467
468
469
470
471
472
473
474
475
476
477
490
491
492
493
494
495
496
497
498
499
500
501
502
503
504
505
506
507
508
509
510
511
512
513
514
515
516
517
518
519
520
521
522
523
524
525
526
527
528
529
530
531
539
540
541
542
543
544
545
546
547
548
549
550
551
552
553
554
555
556
557
558
559
560
561
562
563
564
565
566
567
568
569
570
571
572
573
574
575
576
577
578
579
580
581
582
583
588
594
595
596
597
598
599
600
601
602
603
604
605
606
607
608
609
610
611
612
613
614
615
616
617
618
619
620
621
622
623
624
625
626
627
637
649
650
651
652
653
654
655
656
657
658
659
660
661
662
663
664
665
666
667
668
669
670
671
672
673
674
686
694
695
696
697
698
699
700
701
702
703
704
705
706
707
708
709
710
711
712
713
714
715
716
717
718
719
720
721
722
723
724
725
736
737
738
739
740
741
742
743
785
786
1177
1178
1179
1226
1227
1228
1229
1230
1231
1232
1233
1234
1235
1236
1237
1238
1239
1240
1275
1276
1277
1278
1279
1280
1281
1282
1283
1284
1285
1286
1287
1288
1289
1290
1324
1325
1326
1327
1328
1471
1472
1473
1474
1475
1476
1477
1478
1479
1480
1481
1482
3675
3676
3677
3678
3679
3680
3681
3682
3683
3684
3685
3686
3687
3688
3689
3690
3691
3692
3693
3694
3695
3696
3697
3698
3699
3700
3701
3702
3703
3704
3705
3706
3707
3708
3709
3725
3726
3727
3728
3729
3730
3731
3732
5146
5636
5637
5638
