0
50
51
52
53
54
55
56
57
58
99
100
101
102
103
104
105
148
149
736
737
738
739
740
741
742
743
744
745
746
747
748
749
750
751
752
753
754
755
756
757
758
784
785
786
787
788
789
790
791
792
793
794
795
796
797
798
799
800
801
802
803
804
805
806
807
808
809
810
811
834
835
836
837
838
839
840
841
842
843
844
845
846
847
848
849
850
851
852
853
854
855
856
857
883
884
885
886
887
888
889
890
891
892
893
894
895
896
897
898
899
932
933
934
935
936
937
938
939
940
1471
1472
1473
1474
1475
1476
1477
1478
1479
1520
1521
1522
1523
1524
1525
1526
1527
1528
1529
1530
1531
1532
1533
1534
1535
1536
1537
1538
1539
1540
1541
1569
1570
1571
1572
1573
1574
1575
1576
1577
1578
1579
1580
1581
1582
1583
1584
1585
1586
1587
1588
1589
1618
1619
1620
1621
1622
1623
1624
1625
1626
1627
1628
1629
1630
1631
1632
1667
1668
1669
1670
1671
1672
1673
2255
2256
2257
2258
2259
2260
2261
2262
2263
2264
2304
2305
2306
2307
2308
2309
2310
2311
2312
2313
2353
2354
2355
2356
2357
2990
2991
2992
2993
2994
2995
2996
2997
2998
2999
3000
3001
3002
3003
3004
3005
3006
3039
3040
3041
3042
3043
3044
3045
3046
3047
3048
3049
3050
3051
3052
3053
3054
3055
3088
3089
3090
3091
3092
3093
3094
3095
3096
3097
3098
3099
3137
3138
3139
3140
3141
3774
3775
3776
3823
3824
3825
4509
4510
4511
4512
4513
4514
4515
4558
4559
4560
4561
4562
4563
4564
4607
4608
5239
5240
5241
5242
5243
5244
5245
5246
5247
5248
5249
5250
5251
5252
5253
5254
5255
5256
5257
5258
5259
5260
5293
5294
5295
5296
5297
5298
5299
5300
5301
5302
5303
5304
5305
5306
5307
5308
5342
5343
5344
5345
5346
5347
5348
5349
5350
5351
5352
5391
5392
